javac -encoding UTF-8 -sourcepath . -d . PizzaDelivery.java
java -XX:+UseSerialGC -Xss64m -Xms1024m -Xmx1024m PizzaDelivery
1
3 3
2 0 1
0 0 0
1 0 1

2
4 4
0 8 2 0
1 4 5 0
0 1 0 1
3 9 2 0
6 7
0 0 0 0 0 0
0 1 0 3 0 1
2 9 1 2 1 2
8 7 1 3 4 3
1 0 2 2 7 7
0 1 0 0 1 0
0 0 0 0 0 0

1
12 14
0 0 0 0 0 0 0 0 0 0 0 0
0 1 0 3 0 1 0 1 0 3 0 1
2 9 1 2 1 2 2 9 1 2 1 2
8 7 1 3 4 3 8 7 1 3 4 3
1 0 2 2 7 7 1 0 2 2 7 7
0 1 0 0 1 0 0 1 0 0 1 0
0 0 0 0 0 0 0 0 0 0 0 0
0 0 0 0 0 0 0 0 0 0 0 0
0 1 0 3 0 1 0 1 0 3 0 1
2 9 1 2 1 2 2 9 1 2 1 2
8 7 1 3 4 3 8 7 1 3 4 3
1 0 2 2 7 7 1 0 2 2 7 7
0 1 0 0 1 0 0 1 0 0 1 0
0 0 0 0 0 0 0 0 0 0 0 0
