python streaming_eightidea.py
5
1325338338022 320412 160
1325338361231 441201 320
1325338341231 474123 96
1325338312302 234123 312
1325338331141 623132 147
1
1325300000000 1325400000000
402612.828

python streaming_eightidea.py
5
1325338338022 320412 160
1325338361231 441201 320
1325338341231 474123 96
1325338312302 234123 312
1325338331141 623132 147
1
1325338300000 1325338500000
38051.567

python streaming_eightidea.py
5
1325338338022 320412 160
1325338361231 441201 320
1325338341231 474123 96
1325338312302 234123 312
1325338331141 623132 147
1
1325338336412 1325338339612
1588.800

python streaming_eightidea.py
5
1325338338022 320412 160
1325338361231 441201 320
1325338341231 474123 96
1325338312302 234123 312
1325338331141 623132 147
1
1325338312302 1325338341231
18918.997

python streaming_eightidea.py
5
1325338338022 320412 160
1325338361231 441201 320
1325338341231 474123 96
1325338312302 234123 312
1325338331141 623132 147
1
1325338320000 1325338340000
12841.247

python streaming_eightidea.py
5
1325338338022 320412 160
1325338361231 441201 320
1325338341231 474123 96
1325338312302 234123 312
1325338331141 623132 147
5
1325300000000 1325400000000
1325338300000 1325338500000
1325338336412 1325338339612
1325338312302 1325338341231
1325338320000 1325338340000

402612.828
38051.567
1588.800
18918.997
12841.247

python
import cProfile
cProfile.run('for i in range(1,1000000):18273238712/1000')
cProfile.run('for i in range(1,1000000):18273238712*0.001')
exit()
